   -0.978122      5.33323
   -0.968341      5.58738
    -0.95856      5.91733
   -0.948778      6.34191
   -0.938997      6.92324
   -0.929216       7.8522
   -0.919435      9.89569
   -0.909654      12.1844
   -0.899872      7.66789
   -0.890091      6.07285
    -0.88031      5.10027
   -0.870529      4.39347
   -0.860747      3.84012
   -0.850966      3.39044
   -0.841185      3.02552
   -0.831404      2.70421
   -0.821623       2.4191
   -0.811841      2.17596
    -0.80206      1.41155
   -0.792279            0
   -0.782498            0
   -0.772716            0
   -0.762935            0
   -0.753154            0
   -0.743373            0
   -0.733592            0
    -0.72381            0
   -0.714029            0
   -0.704248            0
   -0.694467            0
   -0.684686            0
   -0.674904            0
   -0.665123            0
   -0.655342            0
   -0.645561            0
   -0.635779            0
   -0.625998            0
   -0.616217            0
   -0.606436            0
   -0.596655            0
   -0.586873            0
   -0.577092            0
   -0.567311            0
    -0.55753            0
   -0.547748            0
   -0.537967            0
   -0.528186            0
   -0.518405            0
   -0.508624            0
   -0.498842            0
   -0.489061            0
    -0.47928      1.26715
   -0.469499      1.51523
   -0.459717      1.60656
   -0.449936      1.70078
   -0.440155      1.79828
   -0.430374      1.89825
   -0.420593      2.00604
   -0.410811      2.12659
    -0.40103      2.23973
   -0.391249      2.38742
   -0.381468      5.99972
   -0.371686      8.18504
   -0.361905      8.67174
   -0.352124      9.26499
   -0.342343      10.0491
   -0.332562      11.1464
    -0.32278      13.0331
   -0.312999      17.5187
   -0.303218      15.4547
   -0.293437      12.2938
   -0.283656      9.91831
   -0.273874      8.54914
   -0.264093      7.56298
   -0.254312      6.79858
   -0.244531      6.15719
   -0.234749      5.60713
   -0.224968      5.14512
   -0.215187      4.73494
   -0.205406      4.35315
   -0.195625      2.30391
   -0.185843       2.0801
   -0.176062      1.97231
   -0.166281      1.86534
     -0.1565      1.76043
   -0.146718       1.6691
   -0.136937        1.579
   -0.127156      1.48808
   -0.117375     0.765329
   -0.107594            0
  -0.0978123            0
  -0.0880311            0
  -0.0782499            0
  -0.0684687            0
  -0.0586875            0
  -0.0489062            0
   -0.039125            0
  -0.0293438            0
  -0.0195626            0
 -0.00978137            0
-1.51429e-07            0
  0.00978107            0
   0.0195623            0
   0.0293435            0
   0.0391247            0
   0.0489059            0
   0.0586872            0
   0.0684684            0
   0.0782496            0
   0.0880308            0
    0.097812            0
    0.107593            0
    0.117374     0.766871
    0.127156      1.48808
    0.136937      1.57488
    0.146718      1.66745
    0.156499      1.75961
    0.166281      1.87028
    0.176062      1.96902
    0.185843       2.0838
    0.195624      2.29825
    0.205405      4.36714
    0.215187      4.72301
    0.224968      5.14964
    0.234749      5.61248
     0.24453      6.15472
    0.254312      6.78747
    0.264093      7.57697
    0.273874      8.53926
    0.283655      9.92613
    0.293436      12.2917
    0.303218      15.4567
    0.312999      17.5089
     0.32278      13.0348
    0.332561      11.1497
    0.342343       10.045
    0.352124      9.26746
    0.361905      8.66639
    0.371686      8.18668
    0.381467      6.01196
    0.391249      2.37179
     0.40103      2.25166
    0.410811      2.11959
    0.420592       2.0081
    0.430374      1.90196
    0.440155      1.79293
    0.449936       1.7016
    0.459717      1.60697
    0.469498      1.51893
     0.47928      1.26561
    0.489061            0
    0.498842            0
    0.508623            0
    0.518404            0
    0.528186            0
    0.537967            0
    0.547748            0
    0.557529            0
    0.567311            0
    0.577092            0
    0.586873            0
    0.596654            0
    0.606435            0
    0.616217            0
    0.625998            0
    0.635779            0
     0.64556            0
    0.655342            0
    0.665123            0
    0.674904            0
    0.684685            0
    0.694466            0
    0.704248            0
    0.714029            0
     0.72381            0
    0.733591            0
    0.743373            0
    0.753154            0
    0.762935            0
    0.772716            0
    0.782497            0
    0.792279            0
     0.80206      1.41125
    0.811841      2.17513
    0.821622       2.4228
    0.831403      2.70462
    0.841185      3.01606
    0.850966      3.40114
    0.860747      3.83477
    0.870528      4.39182
     0.88031      5.09986
    0.890091      6.08067
    0.899872      7.66337
    0.909653      12.1844
    0.919434      9.89569
    0.929216      7.85097
    0.938997      6.92571
    0.948778      6.34315
    0.958559      5.91158
    0.968341      5.59191
    0.978122       5.3319