0.000809729           0            0           0            0           0  0.000809773           0  0.000809729           0            0           0            0           0  0.000809773           0  
0.000819739           0            0           0            0           0  0.000819783           0  0.000819739           0            0           0            0           0  0.000819783           0  
0.000829948           0            0           0            0           0  0.000829993           0  0.000829948           0            0           0            0           0  0.000829993           0  
0.000840362           0            0           0            0           0  0.000840408           0  0.000840362           0            0           0            0           0  0.000840408           0  
0.000850987           0            0           0            0           0  0.000851034           0  0.000850987           0            0           0            0           0  0.000851034           0  
 0.00086183           0            0           0            0           0  0.000861878           0   0.00086183           0            0           0            0           0  0.000861878           0  
0.000872896           0            0           0            0           0  0.000872945           0  0.000872896           0            0           0            0           0  0.000872945           0  
0.000884192           0            0           0            0           0  0.000884242           0  0.000884192           0            0           0            0           0  0.000884242           0  
0.000895725           0            0           0            0           0  0.000895777           0  0.000895725           0            0           0            0           0  0.000895777           0  
0.000907502           0            0           0            0           0  0.000907555           0  0.000907502           0            0           0            0           0  0.000907555           0  
0.000919531           0            0           0            0           0  0.000919585           0  0.000919531           0            0           0            0           0  0.000919585           0  
 0.00093182           0            0           0            0           0  0.000931874           0   0.00093182           0            0           0            0           0  0.000931874           0  
0.000944375           0            0           0            0           0  0.000944431           0  0.000944375           0            0           0            0           0  0.000944431           0  
0.000957206           0            0           0            0           0  0.000957263           0  0.000957206           0            0           0            0           0  0.000957263           0  
0.000970322           0            0           0            0           0   0.00097038           0  0.000970322           0            0           0            0           0   0.00097038           0  
 0.00098373           0            0           0            0           0   0.00098379           0   0.00098373           0            0           0            0           0   0.00098379           0  
0.000997442           0            0           0            0           0  0.000997503           0  0.000997442           0            0           0            0           0  0.000997503           0  
 0.00101147           0            0           0            0           0   0.00101153           0   0.00101147           0            0           0            0           0   0.00101153           0  
 0.00102581           0            0           0            0           0   0.00102588           0   0.00102581           0            0           0            0           0   0.00102588           0  
  0.0010405           0            0           0            0           0   0.00104056           0    0.0010405           0            0           0            0           0   0.00104056           0  
 0.00105552           0            0           0            0           0   0.00105559           0   0.00105552           0            0           0            0           0   0.00105559           0  
 0.00107091           0            0           0            0           0   0.00107097           0   0.00107091           0            0           0            0           0   0.00107097           0  
 0.00108666           0            0           0            0           0   0.00108673           0   0.00108666           0            0           0            0           0   0.00108673           0  
 0.00110279           0            0           0            0           0   0.00110286           0   0.00110279           0            0           0            0           0   0.00110286           0  
 0.00111932           0            0           0            0           0   0.00111939           0   0.00111932           0            0           0            0           0   0.00111939           0  
 0.00113626           0            0           0            0           0   0.00113634           0   0.00113626           0            0           0            0           0   0.00113634           0  
 0.00115362           0            0           0            0           0    0.0011537           0   0.00115362           0            0           0            0           0    0.0011537           0  
 0.00117143           0            0           0            0           0    0.0011715           0   0.00117143           0            0           0            0           0    0.0011715           0  
 0.00118968           0            0           0            0           0   0.00118977           0   0.00118968           0            0           0            0           0   0.00118977           0  
 0.00120841           0            0           0            0           0    0.0012085           0   0.00120841           0            0           0            0           0    0.0012085           0  
 0.00122764           0            0           0            0           0   0.00122772           0   0.00122764           0            0           0            0           0   0.00122772           0  
 0.00124737           0            0           0            0           0   0.00124746           0   0.00124737           0            0           0            0           0   0.00124746           0  
 0.00126763           0            0           0            0           0   0.00126772           0   0.00126763           0            0           0            0           0   0.00126772           0  
 0.00128844           0            0           0            0           0   0.00128853           0   0.00128844           0            0           0            0           0   0.00128853           0  
 0.00130982           0            0           0            0           0   0.00130992           0   0.00130982           0            0           0            0           0   0.00130992           0  
  0.0013318           0            0           0            0           0    0.0013319           0    0.0013318           0            0           0            0           0    0.0013319           0  
  0.0013544           0            0           0            0           0    0.0013545           0    0.0013544           0            0           0            0           0    0.0013545           0  
 0.00137764           0            0           0            0           0   0.00137775           0   0.00137764           0            0           0            0           0   0.00137775           0  
 0.00140156           0            0           0            0           0   0.00140167           0   0.00140156           0            0           0            0           0   0.00140167           0  
 0.00142618           0            0           0            0           0   0.00142629           0   0.00142618           0            0           0            0           0   0.00142629           0  
 0.00145153           0            0           0            0           0   0.00145164           0   0.00145153           0            0           0            0           0   0.00145164           0  
 0.00147764           0            0           0            0           0   0.00147775           0   0.00147764           0            0           0            0           0   0.00147775           0  
 0.00150455           0            0           0            0           0   0.00150467           0   0.00150455           0            0           0            0           0   0.00150467           0  
 0.00153229           0            0           0            0           0   0.00153242           0   0.00153229           0            0           0            0           0   0.00153242           0  
 0.00156091           0            0           0            0           0   0.00156104           0   0.00156091           0            0           0            0           0   0.00156104           0  
 0.00159044           0            0           0            0           0   0.00159057           0   0.00159044           0            0           0            0           0   0.00159057           0  
 0.00162092           0            0           0            0           0   0.00162106           0   0.00162092           0            0           0            0           0   0.00162106           0  
 0.00165241           0            0           0            0           0   0.00165255           0   0.00165241           0            0           0            0           0   0.00165255           0  
 0.00168495           0            0           0            0           0    0.0016851           0   0.00168495           0            0           0            0           0    0.0016851           0  
  0.0017186           0            0           0            0           0   0.00171875           0    0.0017186           0            0           0            0           0   0.00171875           0  
  0.0017534           0            0           0            0           0   0.00175356           0    0.0017534           0            0           0            0           0   0.00175356           0  
 0.00178943           0            0           0            0           0   0.00178959           0   0.00178943           0            0           0            0           0   0.00178959           0  
 0.00182674           0            0           0            0           0   0.00182691           0   0.00182674           0            0           0            0           0   0.00182691           0  
 0.00186541           0            0           0            0           0   0.00186558           0   0.00186541           0            0           0            0           0   0.00186558           0  
 0.00190551           0            0           0            0           0   0.00190569           0   0.00190551           0            0           0            0           0   0.00190569           0  
 0.00194711           0            0           0            0           0    0.0019473           0   0.00194711           0            0           0            0           0    0.0019473           0  
 0.00199031           0            0           0            0           0    0.0019905           0   0.00199031           0            0           0            0           0    0.0019905           0  
 0.00203519           0            0           0            0           0   0.00203539           0   0.00203519           0            0           0            0           0   0.00203539           0  
 0.00208186           0            0           0            0           0   0.00208207           0   0.00208186           0            0           0            0           0   0.00208207           0  
 0.00213042           0            0           0            0           0   0.00213064           0   0.00213042           0            0           0            0           0   0.00213064           0  
   0.002181           0            0           0            0           0   0.00218122           0     0.002181           0            0           0            0           0   0.00218122           0  
 0.00223371           0            0           0            0           0   0.00223395           0   0.00223371           0            0           0            0           0   0.00223395           0  
  0.0022887           0            0           0            0           0   0.00228894           0    0.0022887           0            0           0            0           0   0.00228894           0  
 0.00234611           0            0           0            0           0   0.00234637           0   0.00234611           0            0           0            0           0   0.00234637           0  
 0.00240612           0            0           0            0           0   0.00240639           0   0.00240612           0            0           0            0           0   0.00240639           0  
 0.00246889           0            0           0            0           0   0.00246918           0   0.00246889           0            0           0            0           0   0.00246918           0  
 0.00253464           0            0           0            0           0   0.00253493           0   0.00253464           0            0           0            0           0   0.00253493           0  
 0.00260356           0            0           0            0           0   0.00260387           0   0.00260356           0            0           0            0           0   0.00260387           0  
 0.00267591           0            0           0            0           0   0.00267623           0   0.00267591           0            0           0            0           0   0.00267623           0  
 0.00275194           0            0           0            0           0   0.00275228           0   0.00275194           0            0           0            0           0   0.00275228           0  
 0.00283194           0            0           0            0           0    0.0028323           0   0.00283194           0            0           0            0           0    0.0028323           0  
 0.00291624           0            0           0            0           0   0.00291662           0   0.00291624           0            0           0            0           0   0.00291662           0  
  0.0030052           0            0           0            0           0    0.0030056           0    0.0030052           0            0           0            0           0    0.0030056           0  
 0.00309921           0            0           0            0           0   0.00309964           0   0.00309921           0            0           0            0           0   0.00309964           0  
 0.00319873           0            0           0            0           0   0.00319918           0   0.00319873           0            0           0            0           0   0.00319918           0  
 0.00330426           0            0           0            0           0   0.00330474           0   0.00330426           0            0           0            0           0   0.00330474           0  
 0.00341637           0            0           0            0           0   0.00341688           0   0.00341637           0            0           0            0           0   0.00341688           0  
 0.00353571           0            0           0            0           0   0.00353625           0   0.00353571           0            0           0            0           0   0.00353625           0  
 0.00366301           0            0           0            0           0   0.00366359           0   0.00366301           0            0           0            0           0   0.00366359           0  
  0.0037991           0            0           0            0           0   0.00379972           0    0.0037991           0            0           0            0           0   0.00379972           0  
 0.00394496           0            0           0            0           0   0.00394563           0   0.00394496           0            0           0            0           0   0.00394563           0  
 0.00410169           0            0           0            0           0    0.0041024           0   0.00410169           0            0           0            0           0    0.0041024           0  
 0.00427057           0            0           0            0           0   0.00427135           0   0.00427057           0            0           0            0           0   0.00427135           0  
 0.00445313           0            0           0            0           0   0.00445397           0   0.00445313           0            0           0            0           0   0.00445397           0  
 0.00465111           0            0           0            0           0   0.00465202           0   0.00465111           0            0           0            0           0   0.00465202           0  
 0.00486662           0            0           0            0           0   0.00486761           0   0.00486662           0            0           0            0           0   0.00486761           0  
 0.00510214           0            0           0            0           0   0.00510323           0   0.00510214           0            0           0            0           0   0.00510323           0  
 0.00536067           0            0           0            0           0   0.00536187           0   0.00536067           0            0           0            0           0   0.00536187           0  
 0.00564584           0            0           0            0           0   0.00564716           0   0.00564584           0            0           0            0           0   0.00564716           0  
 0.00596211           0            0           0            0           0   0.00596358           0   0.00596211           0            0           0            0           0   0.00596358           0  
 0.00631498           0            0           0            0           0   0.00631663           0   0.00631498           0            0           0            0           0   0.00631663           0  
 0.00671139           0            0           0            0           0   0.00671324           0   0.00671139           0            0           0            0           0   0.00671324           0  
 0.00716012           0            0           0            0           0   0.00716223           0   0.00716012           0            0           0            0           0   0.00716223           0  
 0.00767256           0            0           0            0           0   0.00767499           0   0.00767256           0            0           0            0           0   0.00767499           0  
 0.00826368           0            0           0            0           0   0.00826649           0   0.00826368           0            0           0            0           0   0.00826649           0  
 0.00895357           0            0           0            0           0   0.00895687           0   0.00895357           0            0           0            0           0   0.00895687           0  
 0.00976988           0            0           0            0           0   0.00977382           0   0.00976988           0            0           0            0           0   0.00977382           0  
  0.0107517           0            0           0            0           0    0.0107565           0    0.0107517           0            0           0            0           0    0.0107565           0  
  0.0119563           0            0           0            0           0    0.0119622           0    0.0119563           0            0           0            0           0    0.0119622           0  
  0.0134707           0            0           0            0           0    0.0134782           0    0.0134707           0            0           0            0           0    0.0134782           0  
  0.0154342           0            0           0            0           0    0.0154442           0    0.0154342           0            0           0            0           0    0.0154442           0  
  0.0180846           0            0           0            0           0    0.0180983           0    0.0180846           0            0           0            0           0    0.0180983           0  
  0.0218612           0            0           0            0           0    0.0218815           0    0.0218612           0            0           0            0           0    0.0218815           0  
  0.0276729           0            0           0            0           0    0.0277055           0    0.0276729           0            0           0            0           0    0.0277055           0  
  0.0377152           0            0           0            0           0    0.0377755           0    0.0377152           0            0           0            0           0    0.0377755           0  
  0.0586147           0            0           0            0           0    0.0587545           0    0.0586147           0            0           0            0           0    0.0587545           0  
   0.114574           0            0           0            0           0      0.11497           0     0.114574           0            0           0            0           0      0.11497           0  
   0.217251           0            0           0            0           0     0.217618           0     0.217251           0            0           0            0           0     0.217618           0  
   0.269241           0            0           0            0           0     0.269374           0     0.269241           0            0           0            0           0     0.269374           0  
   0.289969           0            0           0            0           0     0.290032           0     0.289969           0            0           0            0           0     0.290032           0  
   0.300984           0            0           0            0           0     0.301022           0     0.300984           0            0           0            0           0     0.301022           0  
   0.308166           0            0           0            0           0     0.308193           0     0.308166           0            0           0            0           0     0.308193           0  
   0.313501           0            0           0            0           0     0.313522           0     0.313501           0            0           0            0           0     0.313522           0  
   0.317822           0            0           0            0           0      0.31784           0     0.317822           0            0           0            0           0      0.31784           0  
   0.321535           0            0           0            0           0     0.321551           0     0.321535           0            0           0            0           0     0.321551           0  
   0.324861           0            0           0            0           0     0.324875           0     0.324861           0            0           0            0           0     0.324875           0  
   0.327931           0            0           0            0           0     0.327944           0     0.327931           0            0           0            0           0     0.327944           0  
   0.330825           0            0           0            0           0     0.330838           0     0.330825           0            0           0            0           0     0.330838           0  
   0.333599           0            0           0            0           0     0.333611           0     0.333599           0            0           0            0           0     0.333611           0  
   0.336288           0            0           0            0           0       0.3363           0     0.336288           0            0           0            0           0       0.3363           0  
   0.338921           0            0           0            0           0     0.338932           0     0.338921           0            0           0            0           0     0.338932           0  
   0.341515           0            0           0            0           0     0.341527           0     0.341515           0            0           0            0           0     0.341527           0  
   0.344087           0            0           0            0           0     0.344098           0     0.344087           0            0           0            0           0     0.344098           0  
   0.346647           0            0           0            0           0     0.346659           0     0.346647           0            0           0            0           0     0.346659           0  
   0.349205           0            0           0            0           0     0.349216           0     0.349205           0            0           0            0           0     0.349216           0  
   0.351768           0            0           0            0           0     0.351779           0     0.351768           0            0           0            0           0     0.351779           0  
   0.354342           0            0           0            0           0     0.354353           0     0.354342           0            0           0            0           0     0.354353           0  
   0.356932           0            0           0            0           0     0.356944           0     0.356932           0            0           0            0           0     0.356944           0  
   0.359543           0            0           0            0           0     0.359555           0     0.359543           0            0           0            0           0     0.359555           0  
   0.362179           0            0           0            0           0     0.362191           0     0.362179           0            0           0            0           0     0.362191           0  
   0.364843           0            0           0            0           0     0.364855           0     0.364843           0            0           0            0           0     0.364855           0  
   0.367539           0            0           0            0           0     0.367551           0     0.367539           0            0           0            0           0     0.367551           0  
   0.370269           0            0           0            0           0     0.370281           0     0.370269           0            0           0            0           0     0.370281           0  
   0.373037           0            0           0            0           0     0.373049           0     0.373037           0            0           0            0           0     0.373049           0  
   0.375844           0            0           0            0           0     0.375857           0     0.375844           0            0           0            0           0     0.375857           0  
   0.378694           0            0           0            0           0     0.378707           0     0.378694           0            0           0            0           0     0.378707           0  
   0.381589           0            0           0            0           0     0.381602           0     0.381589           0            0           0            0           0     0.381602           0  
   0.384532           0            0           0            0           0     0.384545           0     0.384532           0            0           0            0           0     0.384545           0  
   0.387525           0            0           0            0           0     0.387538           0     0.387525           0            0           0            0           0     0.387538           0  
   0.390571           0            0           0            0           0     0.390584           0     0.390571           0            0           0            0           0     0.390584           0  
   0.393672           0            0           0            0           0     0.393685           0     0.393672           0            0           0            0           0     0.393685           0  
    0.39683           0            0           0            0           0     0.396844           0      0.39683           0            0           0            0           0     0.396844           0  
   0.400049           0            0           0            0           0     0.400063           0     0.400049           0            0           0            0           0     0.400063           0  
   0.403331           0            0           0            0           0     0.403346           0     0.403331           0            0           0            0           0     0.403346           0  
   0.406679           0            0           0            0           0     0.406694           0     0.406679           0            0           0            0           0     0.406694           0  
   0.410097           0            0           0            0           0     0.410112           0     0.410097           0            0           0            0           0     0.410112           0  
   0.413586           0            0           0            0           0     0.413601           0     0.413586           0            0           0            0           0     0.413601           0  
    0.41715           0            0           0            0           0     0.417166           0      0.41715           0            0           0            0           0     0.417166           0  
   0.420793           0            0           0            0           0     0.420809           0     0.420793           0            0           0            0           0     0.420809           0  
   0.424518           0            0           0            0           0     0.424535           0     0.424518           0            0           0            0           0     0.424535           0  
   0.428329           0            0           0            0           0     0.428346           0     0.428329           0            0           0            0           0     0.428346           0  
   0.432229           0            0           0            0           0     0.432247           0     0.432229           0            0           0            0           0     0.432247           0  
   0.436224           0            0           0            0           0     0.436242           0     0.436224           0            0           0            0           0     0.436242           0  
   0.440317           0            0           0            0           0     0.440335           0     0.440317           0            0           0            0           0     0.440335           0  
   0.444513           0            0           0            0           0     0.444532           0     0.444513           0            0           0            0           0     0.444532           0  
   0.448817           0            0           0            0           0     0.448837           0     0.448817           0            0           0            0           0     0.448837           0  
   0.453235           0            0           0            0           0     0.453255           0     0.453235           0            0           0            0           0     0.453255           0  
   0.457772           0            0           0            0           0     0.457792           0     0.457772           0            0           0            0           0     0.457792           0  
   0.462434           0            0           0            0           0     0.462455           0     0.462434           0            0           0            0           0     0.462455           0  
   0.467228           0            0           0            0           0     0.467249           0     0.467228           0            0           0            0           0     0.467249           0  
   0.472161           0            0           0            0           0     0.472183           0     0.472161           0            0           0            0           0     0.472183           0  
   0.477241           0            0           0            0           0     0.477264           0     0.477241           0            0           0            0           0     0.477264           0  
   0.482476           0            0           0            0           0     0.482499           0     0.482476           0            0           0            0           0     0.482499           0  
   0.487875           0            0           0            0           0     0.487899           0     0.487875           0            0           0            0           0     0.487899           0  
   0.493447           0            0           0            0           0     0.493472           0     0.493447           0            0           0            0           0     0.493472           0  
   0.499204           0            0           0            0           0      0.49923           0     0.499204           0            0           0            0           0      0.49923           0  
   0.505157           0            0           0            0           0     0.505184           0     0.505157           0            0           0            0           0     0.505184           0  
   0.511319           0            0           0            0           0     0.511347           0     0.511319           0            0           0            0           0     0.511347           0  
   0.517704           0            0           0            0           0     0.517732           0     0.517704           0            0           0            0           0     0.517732           0  
   0.524326           0            0           0            0           0     0.524356           0     0.524326           0            0           0            0           0     0.524356           0  
   0.531204           0            0           0            0           0     0.531235           0     0.531204           0            0           0            0           0     0.531235           0  
   0.538357           0            0           0            0           0     0.538389           0     0.538357           0            0           0            0           0     0.538389           0  
   0.545804           0            0           0            0           0     0.545838           0     0.545804           0            0           0            0           0     0.545838           0  
   0.553571           0            0           0            0           0     0.553606           0     0.553571           0            0           0            0           0     0.553606           0  
   0.561683           0            0           0            0           0     0.561719           0     0.561683           0            0           0            0           0     0.561719           0  
    0.57017           0            0           0            0           0     0.570209           0      0.57017           0            0           0            0           0     0.570209           0  
   0.579068           0            0           0            0           0     0.579108           0     0.579068           0            0           0            0           0     0.579108           0  
   0.588413           0            0           0            0           0     0.588456           0     0.588413           0            0           0            0           0     0.588456           0  
   0.598252           0            0           0            0           0     0.598297           0     0.598252           0            0           0            0           0     0.598297           0  
   0.608636           0            0           0            0           0     0.608683           0     0.608636           0            0           0            0           0     0.608683           0  
   0.619625           0            0           0            0           0     0.619675           0     0.619625           0            0           0            0           0     0.619675           0  
    0.63129           0            0           0            0           0     0.631343           0      0.63129           0            0           0            0           0     0.631343           0  
   0.643715           0            0           0            0           0     0.643772           0     0.643715           0            0           0            0           0     0.643772           0  
   0.657001           0            0           0            0           0     0.657062           0     0.657001           0            0           0            0           0     0.657062           0  
    0.67127           0            0           0            0           0     0.671336           0      0.67127           0            0           0            0           0     0.671336           0  
   0.686672           0            0           0            0           0     0.686743           0     0.686672           0            0           0            0           0     0.686743           0  
   0.703394           0            0           0            0           0     0.703471           0     0.703394           0            0           0            0           0     0.703471           0  
   0.721673           0            0           0            0           0     0.721758           0     0.721673           0            0           0            0           0     0.721758           0  
   0.741818           0            0           0            0           0     0.741911           0     0.741818           0            0           0            0           0     0.741911           0  
   0.764236           0            0           0            0           0      0.76434           0     0.764236           0            0           0            0           0      0.76434           0  
   0.789483           0            0           0            0           0     0.789602           0     0.789483           0            0           0            0           0     0.789602           0  
   0.818348           0            0           0            0           0     0.818485           0     0.818348           0            0           0            0           0     0.818485           0  
   0.851988           0            0           0            0           0     0.852149           0     0.851988           0            0           0            0           0     0.852149           0  
   0.892202           0            0           0            0           0     0.892398           0     0.892202           0            0           0            0           0     0.892398           0  
   0.941963           0            0           0            0           0     0.942211           0     0.941963           0            0           0            0           0     0.942211           0  
     1.0065           0            0           0            0           0      1.00683           0       1.0065           0            0           0            0           0      1.00683           0  
    1.09457           0            0           0            0           0      1.09502           0      1.09457           0            0           0            0           0      1.09502           0  
    1.19895           0            0           0            0           0      1.19929           0      1.19895           0            0           0            0           0      1.19929           0  
    1.17385           0            0           0            0           0      1.17339           0      1.17385           0            0           0            0           0      1.17339           0  
    1.06792           0            0           0            0           0      1.06751           0      1.06792           0            0           0            0           0      1.06751           0  
   0.987192           0            0           0            0           0     0.986889           0     0.987192           0            0           0            0           0     0.986889           0  
   0.927352           0            0           0            0           0     0.927122           0     0.927352           0            0           0            0           0     0.927122           0  
   0.880561           0            0           0            0           0     0.880376           0     0.880561           0            0           0            0           0     0.880376           0  
   0.842351           0            0           0            0           0     0.842197           0     0.842351           0            0           0            0           0     0.842197           0  
   0.810144           0            0           0            0           0     0.810013           0     0.810144           0            0           0            0           0     0.810013           0  
   0.782351           0            0           0            0           0     0.782237           0     0.782351           0            0           0            0           0     0.782237           0  
   0.757933           0            0           0            0           0     0.757832           0     0.757933           0            0           0            0           0     0.757832           0  
   0.736176           0            0           0            0           0     0.736086           0     0.736176           0            0           0            0           0     0.736086           0  
   0.716571           0            0           0            0           0     0.716488           0     0.716571           0            0           0            0           0     0.716488           0  
   0.698738           0            0           0            0           0     0.698663           0     0.698738           0            0           0            0           0     0.698663           0  
   0.682394           0            0           0            0           0     0.682325           0     0.682394           0            0           0            0           0     0.682325           0  
   0.667314           0            0           0            0           0      0.66725           0     0.667314           0            0           0            0           0      0.66725           0  
   0.653324           0            0           0            0           0     0.653265           0     0.653324           0            0           0            0           0     0.653265           0  
   0.640282           0            0           0            0           0     0.640226           0     0.640282           0            0           0            0           0     0.640226           0  
   0.628071           0            0           0            0           0     0.628019           0     0.628071           0            0           0            0           0     0.628019           0  
   0.616596           0            0           0            0           0     0.616547           0     0.616596           0            0           0            0           0     0.616547           0  
   0.605777           0            0           0            0           0      0.60573           0     0.605777           0            0           0            0           0      0.60573           0  
   0.595546           0            0           0            0           0     0.595502           0     0.595546           0            0           0            0           0     0.595502           0  
   0.585845           0            0           0            0           0     0.585803           0     0.585845           0            0           0            0           0     0.585803           0  
   0.576624           0            0           0            0           0     0.576584           0     0.576624           0            0           0            0           0     0.576584           0  
   0.567841           0            0           0            0           0     0.567803           0     0.567841           0            0           0            0           0     0.567803           0  
   0.559458           0            0           0            0           0     0.559422           0     0.559458           0            0           0            0           0     0.559422           0  
   0.551442           0            0           0            0           0     0.551407           0     0.551442           0            0           0            0           0     0.551407           0  
   0.543764           0            0           0            0           0     0.543731           0     0.543764           0            0           0            0           0     0.543731           0  
   0.536398           0            0           0            0           0     0.536366           0     0.536398           0            0           0            0           0     0.536366           0  
   0.529322           0            0           0            0           0     0.529291           0     0.529322           0            0           0            0           0     0.529291           0  
   0.522515           0            0           0            0           0     0.522485           0     0.522515           0            0           0            0           0     0.522485           0  
   0.515958           0            0           0            0           0     0.515929           0     0.515958           0            0           0            0           0     0.515929           0  
   0.509635           0            0           0            0           0     0.509607           0     0.509635           0            0           0            0           0     0.509607           0  
   0.503531           0            0           0            0           0     0.503504           0     0.503531           0            0           0            0           0     0.503504           0  
   0.497632           0            0           0            0           0     0.497606           0     0.497632           0            0           0            0           0     0.497606           0  
   0.491926           0            0           0            0           0     0.491901           0     0.491926           0            0           0            0           0     0.491901           0  
   0.486401           0            0           0            0           0     0.486377           0     0.486401           0            0           0            0           0     0.486377           0  
   0.481047           0            0           0            0           0     0.481024           0     0.481047           0            0           0            0           0     0.481024           0  
   0.475855           0            0           0            0           0     0.475833           0     0.475855           0            0           0            0           0     0.475833           0  
   0.470816           0            0           0            0           0     0.470794           0     0.470816           0            0           0            0           0     0.470794           0  
   0.465921           0            0           0            0           0       0.4659           0     0.465921           0            0           0            0           0       0.4659           0  
   0.461163           0            0           0            0           0     0.461142           0     0.461163           0            0           0            0           0     0.461142           0  
   0.456535           0            0           0            0           0     0.456515           0     0.456535           0            0           0            0           0     0.456515           0  
   0.452031           0            0           0            0           0     0.452012           0     0.452031           0            0           0            0           0     0.452012           0  
   0.447645           0            0           0            0           0     0.447626           0     0.447645           0            0           0            0           0     0.447626           0  
    0.44337           0            0           0            0           0     0.443352           0      0.44337           0            0           0            0           0     0.443352           0  
   0.439202           0            0           0            0           0     0.439184           0     0.439202           0            0           0            0           0     0.439184           0  
   0.435136           0            0           0            0           0     0.435119           0     0.435136           0            0           0            0           0     0.435119           0  
   0.431168           0            0           0            0           0      0.43115           0     0.431168           0            0           0            0           0      0.43115           0  
   0.427292           0            0           0            0           0     0.427275           0     0.427292           0            0           0            0           0     0.427275           0  
   0.423504           0            0           0            0           0     0.423488           0     0.423504           0            0           0            0           0     0.423488           0  
   0.419802           0            0           0            0           0     0.419786           0     0.419802           0            0           0            0           0     0.419786           0  
    0.41618           0            0           0            0           0     0.416165           0      0.41618           0            0           0            0           0     0.416165           0  
   0.412637           0            0           0            0           0     0.412621           0     0.412637           0            0           0            0           0     0.412621           0  
   0.409167           0            0           0            0           0     0.409152           0     0.409167           0            0           0            0           0     0.409152           0  
   0.405769           0            0           0            0           0     0.405754           0     0.405769           0            0           0            0           0     0.405754           0  
   0.402439           0            0           0            0           0     0.402425           0     0.402439           0            0           0            0           0     0.402425           0  
   0.399174           0            0           0            0           0      0.39916           0     0.399174           0            0           0            0           0      0.39916           0  
   0.395972           0            0           0            0           0     0.395958           0     0.395972           0            0           0            0           0     0.395958           0  
   0.392829           0            0           0            0           0     0.392815           0     0.392829           0            0           0            0           0     0.392815           0  
   0.389743           0            0           0            0           0      0.38973           0     0.389743           0            0           0            0           0      0.38973           0  
   0.386712           0            0           0            0           0     0.386699           0     0.386712           0            0           0            0           0     0.386699           0  
   0.383733           0            0           0            0           0      0.38372           0     0.383733           0            0           0            0           0      0.38372           0  
   0.380803           0            0           0            0           0     0.380791           0     0.380803           0            0           0            0           0     0.380791           0  
   0.377921           0            0           0            0           0     0.377908           0     0.377921           0            0           0            0           0     0.377908           0  
   0.375082           0            0           0            0           0      0.37507           0     0.375082           0            0           0            0           0      0.37507           0  
   0.372286           0            0           0            0           0     0.372274           0     0.372286           0            0           0            0           0     0.372274           0  
   0.369529           0            0           0            0           0     0.369517           0     0.369529           0            0           0            0           0     0.369517           0  
   0.366808           0            0           0            0           0     0.366796           0     0.366808           0            0           0            0           0     0.366796           0  
   0.364121           0            0           0            0           0     0.364109           0     0.364121           0            0           0            0           0     0.364109           0  
   0.361465           0            0           0            0           0     0.361453           0     0.361465           0            0           0            0           0     0.361453           0  
   0.358836           0            0           0            0           0     0.358825           0     0.358836           0            0           0            0           0     0.358825           0  
   0.356231           0            0           0            0           0      0.35622           0     0.356231           0            0           0            0           0      0.35622           0  
   0.353646           0            0           0            0           0     0.353634           0     0.353646           0            0           0            0           0     0.353634           0  
   0.351075           0            0           0            0           0     0.351064           0     0.351075           0            0           0            0           0     0.351064           0  
   0.348515           0            0           0            0           0     0.348503           0     0.348515           0            0           0            0           0     0.348503           0  
   0.345957           0            0           0            0           0     0.345946           0     0.345957           0            0           0            0           0     0.345946           0  
   0.343395           0            0           0            0           0     0.343383           0     0.343395           0            0           0            0           0     0.343383           0  
   0.340818           0            0           0            0           0     0.340806           0     0.340818           0            0           0            0           0     0.340806           0  
   0.338215           0            0           0            0           0     0.338203           0     0.338215           0            0           0            0           0     0.338203           0  
   0.335569           0            0           0            0           0     0.335557           0     0.335569           0            0           0            0           0     0.335557           0  
    0.33286           0            0           0            0           0     0.332847           0      0.33286           0            0           0            0           0     0.332847           0  
   0.330058           0            0           0            0           0     0.330045           0     0.330058           0            0           0            0           0     0.330045           0  
   0.327122           0            0           0            0           0     0.327109           0     0.327122           0            0           0            0           0     0.327109           0  
   0.323993           0            0           0            0           0     0.323979           0     0.323993           0            0           0            0           0     0.323979           0  
   0.320578           0            0           0            0           0     0.320562           0     0.320578           0            0           0            0           0     0.320562           0  
   0.316728           0            0           0            0           0      0.31671           0     0.316728           0            0           0            0           0      0.31671           0  
   0.312185           0            0           0            0           0     0.312163           0     0.312185           0            0           0            0           0     0.312163           0  
   0.306462           0            0           0            0           0     0.306433           0     0.306462           0            0           0            0           0     0.306433           0  
   0.298523           0            0           0            0           0      0.29848           0     0.298523           0            0           0            0           0      0.29848           0  
   0.285772           0            0           0            0           0     0.285697           0     0.285772           0            0           0            0           0     0.285697           0  
   0.259964           0            0           0            0           0     0.259792           0     0.259964           0            0           0            0           0     0.259792           0  
   0.191978           0            0           0            0           0     0.191522           0     0.191978           0            0           0            0           0     0.191522           0  
  0.0932519           0            0           0            0           0    0.0929499           0    0.0932519           0            0           0            0           0    0.0929499           0  
  0.0510997           0            0           0            0           0    0.0509917           0    0.0510997           0            0           0            0           0    0.0509917           0  
  0.0343556           0            0           0            0           0    0.0343056           0    0.0343556           0            0           0            0           0    0.0343056           0  
  0.0258175           0            0           0            0           0    0.0257893           0    0.0258175           0            0           0            0           0    0.0257893           0  
  0.0206924           0            0           0            0           0    0.0206743           0    0.0206924           0            0           0            0           0    0.0206743           0  
  0.0172819           0            0           0            0           0    0.0172694           0    0.0172819           0            0           0            0           0    0.0172694           0  
   0.014849           0            0           0            0           0    0.0148398           0     0.014849           0            0           0            0           0    0.0148398           0  
  0.0130248           0            0           0            0           0    0.0130177           0    0.0130248           0            0           0            0           0    0.0130177           0  
   0.011605           0            0           0            0           0    0.0115994           0     0.011605           0            0           0            0           0    0.0115994           0  
  0.0104676           0            0           0            0           0    0.0104631           0    0.0104676           0            0           0            0           0    0.0104631           0  
 0.00953516           0            0           0            0           0   0.00953141           0   0.00953516           0            0           0            0           0   0.00953141           0  
 0.00875625           0            0           0            0           0   0.00875309           0   0.00875625           0            0           0            0           0   0.00875309           0  
 0.00809537           0            0           0            0           0   0.00809267           0   0.00809537           0            0           0            0           0   0.00809267           0  
 0.00752722           0            0           0            0           0   0.00752488           0   0.00752722           0            0           0            0           0   0.00752488           0  
 0.00703327           0            0           0            0           0   0.00703123           0   0.00703327           0            0           0            0           0   0.00703123           0  
 0.00659965           0            0           0            0           0   0.00659786           0   0.00659965           0            0           0            0           0   0.00659786           0  
 0.00621578           0            0           0            0           0   0.00621418           0   0.00621578           0            0           0            0           0   0.00621418           0  
  0.0058734           0            0           0            0           0   0.00587197           0    0.0058734           0            0           0            0           0   0.00587197           0  
 0.00556602           0            0           0            0           0   0.00556473           0   0.00556602           0            0           0            0           0   0.00556473           0  
 0.00528844           0            0           0            0           0   0.00528727           0   0.00528844           0            0           0            0           0   0.00528727           0  
 0.00503644           0            0           0            0           0   0.00503538           0   0.00503644           0            0           0            0           0   0.00503538           0  
  0.0048066           0            0           0            0           0   0.00480563           0    0.0048066           0            0           0            0           0   0.00480563           0  
 0.00459605           0            0           0            0           0   0.00459516           0   0.00459605           0            0           0            0           0   0.00459516           0  
 0.00440242           0            0           0            0           0    0.0044016           0   0.00440242           0            0           0            0           0    0.0044016           0  
 0.00422372           0            0           0            0           0   0.00422296           0   0.00422372           0            0           0            0           0   0.00422296           0  
 0.00405825           0            0           0            0           0   0.00405754           0   0.00405825           0            0           0            0           0   0.00405754           0  
 0.00390457           0            0           0            0           0   0.00390392           0   0.00390457           0            0           0            0           0   0.00390392           0  
 0.00376145           0            0           0            0           0   0.00376084           0   0.00376145           0            0           0            0           0   0.00376084           0  
 0.00362782           0            0           0            0           0   0.00362725           0   0.00362782           0            0           0            0           0   0.00362725           0  
 0.00350275           0            0           0            0           0   0.00350222           0   0.00350275           0            0           0            0           0   0.00350222           0  
 0.00338543           0            0           0            0           0   0.00338493           0   0.00338543           0            0           0            0           0   0.00338493           0  
 0.00327516           0            0           0            0           0   0.00327469           0   0.00327516           0            0           0            0           0   0.00327469           0  
  0.0031713           0            0           0            0           0   0.00317086           0    0.0031713           0            0           0            0           0   0.00317086           0  
 0.00307332           0            0           0            0           0    0.0030729           0   0.00307332           0            0           0            0           0    0.0030729           0  
 0.00298071           0            0           0            0           0   0.00298031           0   0.00298071           0            0           0            0           0   0.00298031           0  
 0.00289305           0            0           0            0           0   0.00289267           0   0.00289305           0            0           0            0           0   0.00289267           0  
 0.00280994           0            0           0            0           0   0.00280958           0   0.00280994           0            0           0            0           0   0.00280958           0  
 0.00273104           0            0           0            0           0    0.0027307           0   0.00273104           0            0           0            0           0    0.0027307           0  
 0.00265603           0            0           0            0           0   0.00265571           0   0.00265603           0            0           0            0           0   0.00265571           0  
 0.00258463           0            0           0            0           0   0.00258433           0   0.00258463           0            0           0            0           0   0.00258433           0  
 0.00251659           0            0           0            0           0    0.0025163           0   0.00251659           0            0           0            0           0    0.0025163           0  
 0.00245167           0            0           0            0           0   0.00245139           0   0.00245167           0            0           0            0           0   0.00245139           0  
 0.00238966           0            0           0            0           0   0.00238939           0   0.00238966           0            0           0            0           0   0.00238939           0  
 0.00233037           0            0           0            0           0   0.00233011           0   0.00233037           0            0           0            0           0   0.00233011           0  
 0.00227362           0            0           0            0           0   0.00227338           0   0.00227362           0            0           0            0           0   0.00227338           0  
 0.00221926           0            0           0            0           0   0.00221903           0   0.00221926           0            0           0            0           0   0.00221903           0  
 0.00216714           0            0           0            0           0   0.00216692           0   0.00216714           0            0           0            0           0   0.00216692           0  
 0.00211712           0            0           0            0           0   0.00211691           0   0.00211712           0            0           0            0           0   0.00211691           0  
 0.00206908           0            0           0            0           0   0.00206887           0   0.00206908           0            0           0            0           0   0.00206887           0  
  0.0020229           0            0           0            0           0    0.0020227           0    0.0020229           0            0           0            0           0    0.0020227           0  
 0.00197849           0            0           0            0           0   0.00197829           0   0.00197849           0            0           0            0           0   0.00197829           0  
 0.00193573           0            0           0            0           0   0.00193554           0   0.00193573           0            0           0            0           0   0.00193554           0  
 0.00189454           0            0           0            0           0   0.00189436           0   0.00189454           0            0           0            0           0   0.00189436           0  
 0.00185484           0            0           0            0           0   0.00185467           0   0.00185484           0            0           0            0           0   0.00185467           0  
 0.00181654           0            0           0            0           0   0.00181638           0   0.00181654           0            0           0            0           0   0.00181638           0  
 0.00177958           0            0           0            0           0   0.00177942           0   0.00177958           0            0           0            0           0   0.00177942           0  
 0.00174389           0            0           0            0           0   0.00174374           0   0.00174389           0            0           0            0           0   0.00174374           0  
 0.00170941           0            0           0            0           0   0.00170926           0   0.00170941           0            0           0            0           0   0.00170926           0  
 0.00167606           0            0           0            0           0   0.00167592           0   0.00167606           0            0           0            0           0   0.00167592           0  
 0.00164381           0            0           0            0           0   0.00164367           0   0.00164381           0            0           0            0           0   0.00164367           0  
  0.0016126           0            0           0            0           0   0.00161246           0    0.0016126           0            0           0            0           0   0.00161246           0  
 0.00158237           0            0           0            0           0   0.00158224           0   0.00158237           0            0           0            0           0   0.00158224           0  
  0.0015531           0            0           0            0           0   0.00155297           0    0.0015531           0            0           0            0           0   0.00155297           0  
 0.00152472           0            0           0            0           0    0.0015246           0   0.00152472           0            0           0            0           0    0.0015246           0  
  0.0014972           0            0           0            0           0   0.00149708           0    0.0014972           0            0           0            0           0   0.00149708           0  
 0.00147051           0            0           0            0           0    0.0014704           0   0.00147051           0            0           0            0           0    0.0014704           0  
 0.00144461           0            0           0            0           0    0.0014445           0   0.00144461           0            0           0            0           0    0.0014445           0  
 0.00141946           0            0           0            0           0   0.00141935           0   0.00141946           0            0           0            0           0   0.00141935           0  
 0.00139504           0            0           0            0           0   0.00139493           0   0.00139504           0            0           0            0           0   0.00139493           0  
 0.00137131           0            0           0            0           0    0.0013712           0   0.00137131           0            0           0            0           0    0.0013712           0  
 0.00134824           0            0           0            0           0   0.00134814           0   0.00134824           0            0           0            0           0   0.00134814           0  
 0.00132581           0            0           0            0           0   0.00132571           0   0.00132581           0            0           0            0           0   0.00132571           0  
   0.001304           0            0           0            0           0    0.0013039           0     0.001304           0            0           0            0           0    0.0013039           0  
 0.00128277           0            0           0            0           0   0.00128268           0   0.00128277           0            0           0            0           0   0.00128268           0  
 0.00126211           0            0           0            0           0   0.00126202           0   0.00126211           0            0           0            0           0   0.00126202           0  
 0.00124199           0            0           0            0           0    0.0012419           0   0.00124199           0            0           0            0           0    0.0012419           0  
  0.0012224           0            0           0            0           0   0.00122231           0    0.0012224           0            0           0            0           0   0.00122231           0  
 0.00120331           0            0           0            0           0   0.00120323           0   0.00120331           0            0           0            0           0   0.00120323           0  
 0.00118471           0            0           0            0           0   0.00118463           0   0.00118471           0            0           0            0           0   0.00118463           0  
 0.00116658           0            0           0            0           0    0.0011665           0   0.00116658           0            0           0            0           0    0.0011665           0  
 0.00114889           0            0           0            0           0   0.00114882           0   0.00114889           0            0           0            0           0   0.00114882           0  
 0.00113165           0            0           0            0           0   0.00113157           0   0.00113165           0            0           0            0           0   0.00113157           0  
 0.00111482           0            0           0            0           0   0.00111475           0   0.00111482           0            0           0            0           0   0.00111475           0  
  0.0010984           0            0           0            0           0   0.00109833           0    0.0010984           0            0           0            0           0   0.00109833           0  
 0.00108237           0            0           0            0           0    0.0010823           0   0.00108237           0            0           0            0           0    0.0010823           0  
 0.00106672           0            0           0            0           0   0.00106665           0   0.00106672           0            0           0            0           0   0.00106665           0  
 0.00105143           0            0           0            0           0   0.00105137           0   0.00105143           0            0           0            0           0   0.00105137           0  
  0.0010365           0            0           0            0           0   0.00103643           0    0.0010365           0            0           0            0           0   0.00103643           0  
 0.00102191           0            0           0            0           0   0.00102185           0   0.00102191           0            0           0            0           0   0.00102185           0  
 0.00100765           0            0           0            0           0   0.00100759           0   0.00100765           0            0           0            0           0   0.00100759           0  
0.000993711           0            0           0            0           0   0.00099365           0  0.000993711           0            0           0            0           0   0.00099365           0  
0.000980082           0            0           0            0           0  0.000980023           0  0.000980082           0            0           0            0           0  0.000980023           0  
0.000966753           0            0           0            0           0  0.000966695           0  0.000966753           0            0           0            0           0  0.000966695           0  
0.000953716           0            0           0            0           0  0.000953659           0  0.000953716           0            0           0            0           0  0.000953659           0  
 0.00094096           0            0           0            0           0  0.000940904           0   0.00094096           0            0           0            0           0  0.000940904           0  
0.000928477           0            0           0            0           0  0.000928423           0  0.000928477           0            0           0            0           0  0.000928423           0  
 0.00091626           0            0           0            0           0  0.000916206           0   0.00091626           0            0           0            0           0  0.000916206           0  
  0.0009043           0            0           0            0           0  0.000904247           0    0.0009043           0            0           0            0           0  0.000904247           0  
0.000892589           0            0           0            0           0  0.000892538           0  0.000892589           0            0           0            0           0  0.000892538           0  
 0.00088112           0            0           0            0           0   0.00088107           0   0.00088112           0            0           0            0           0   0.00088107           0  
0.000869887           0            0           0            0           0  0.000869838           0  0.000869887           0            0           0            0           0  0.000869838           0  
0.000858882           0            0           0            0           0  0.000858834           0  0.000858882           0            0           0            0           0  0.000858834           0  
0.000848098           0            0           0            0           0  0.000848051           0  0.000848098           0            0           0            0           0  0.000848051           0  
0.000837531           0            0           0            0           0  0.000837484           0  0.000837531           0            0           0            0           0  0.000837484           0  
0.000827172           0            0           0            0           0  0.000827127           0  0.000827172           0            0           0            0           0  0.000827127           0  
0.000817018           0            0           0            0           0  0.000816973           0  0.000817018           0            0           0            0           0  0.000816973           0  
0.000807061           0            0           0            0           0  0.000807018           0  0.000807061           0            0           0            0           0  0.000807018           0  
0.000797297           0            0           0            0           0  0.000797254           0  0.000797297           0            0           0            0           0  0.000797254           0  
0.000787721           0            0           0            0           0  0.000787679           0  0.000787721           0            0           0            0           0  0.000787679           0  
0.000778326           0            0           0            0           0  0.000778285           0  0.000778326           0            0           0            0           0  0.000778285           0  
 0.00076911           0            0           0            0           0  0.000769069           0   0.00076911           0            0           0            0           0  0.000769069           0  
0.000760066           0            0           0            0           0  0.000760026           0  0.000760066           0            0           0            0           0  0.000760026           0  
