 0.000151314            0             0 -3.97619e-05             0  3.97619e-05   2.72216e-05            0  
  0.00894954            0             0  -0.00235174             0   0.00235174    0.00161004            0  
   0.0253202            0             0  -0.00665357             0   0.00665357    0.00455514            0  
    0.040109            0             0   -0.0105398             0    0.0105398    0.00721569            0  
   0.0518524            0             0   -0.0136257             0    0.0136257    0.00932834            0  
   0.0610444            0             0   -0.0160411             0    0.0160411      0.010982            0  
   0.0714074            0             0   -0.0187643             0    0.0187643     0.0128463            0  
   0.0829968            0             0   -0.0218097             0    0.0218097     0.0149313            0  
   0.0958517            0             0   -0.0251877             0    0.0251877     0.0172439            0  
    0.109991            0             0   -0.0289033             0    0.0289033     0.0197876            0  
    0.125412            0             0   -0.0329554             0    0.0329554     0.0225618            0  
    0.142082            0             0   -0.0373359             0    0.0373359     0.0255607            0  
     0.15994            0             0   -0.0420288             0    0.0420288     0.0287736            0  
    0.178896            0             0   -0.0470097             0    0.0470097     0.0321836            0  
     0.19882            0             0   -0.0522455             0    0.0522455     0.0357681            0  
    0.219555            0             0   -0.0576941             0    0.0576941     0.0394983            0  
    0.240905            0             0   -0.0633044             0    0.0633044     0.0433392            0  
    0.262645            0             0   -0.0690171             0    0.0690171     0.0472502            0  
     0.28452            0             0   -0.0747653             0    0.0747653     0.0511855            0  
     0.30625            0             0   -0.0804756             0    0.0804756     0.0550949            0  
    0.327537            0             0   -0.0860694             0    0.0860694     0.0589245            0  
    0.348069            0             0   -0.0914648             0    0.0914648     0.0626183            0  
    0.367529            0             0   -0.0965783             0    0.0965783     0.0661191            0  
      0.3856            0             0    -0.101327             0     0.101327     0.0693702            0  
     0.40198            0             0    -0.105631             0     0.105631     0.0723169            0  
    0.416381            0             0    -0.109416             0     0.109416     0.0749077            0  
    0.428548            0             0    -0.112613             0     0.112613     0.0770964            0  
    0.438255            0             0    -0.115164             0     0.115164     0.0788429            0  
    0.445324            0             0    -0.117021             0     0.117021     0.0801145            0  
     0.44962            0             0     -0.11815             0      0.11815     0.0808873            0  
    0.451061            0             0    -0.118529             0     0.118529     0.0811466            0  
     0.44962            0             0     -0.11815             0      0.11815     0.0808873            0  
    0.445324            0             0    -0.117021             0     0.117021     0.0801145            0  
    0.438255            0             0    -0.115164             0     0.115164     0.0788429            0  
    0.428548            0             0    -0.112613             0     0.112613     0.0770964            0  
    0.416381            0             0    -0.109416             0     0.109416     0.0749077            0  
     0.40198            0             0    -0.105631             0     0.105631     0.0723169            0  
      0.3856            0             0    -0.101327             0     0.101327     0.0693702            0  
    0.367529            0             0   -0.0965783             0    0.0965783     0.0661191            0  
    0.348069            0             0   -0.0914648             0    0.0914648     0.0626183            0  
    0.327537            0             0   -0.0860694             0    0.0860694     0.0589245            0  
     0.30625            0             0   -0.0804756             0    0.0804756     0.0550949            0  
     0.28452            0             0   -0.0747653             0    0.0747653     0.0511855            0  
    0.262645            0             0   -0.0690171             0    0.0690171     0.0472502            0  
    0.240905            0             0   -0.0633044             0    0.0633044     0.0433392            0  
    0.219555            0             0   -0.0576941             0    0.0576941     0.0394983            0  
     0.19882            0             0   -0.0522455             0    0.0522455     0.0357681            0  
    0.178896            0             0   -0.0470097             0    0.0470097     0.0321836            0  
     0.15994            0             0   -0.0420288             0    0.0420288     0.0287736            0  
    0.142082            0             0   -0.0373359             0    0.0373359     0.0255607            0  
    0.125412            0             0   -0.0329554             0    0.0329554     0.0225618            0  
    0.109991            0             0   -0.0289033             0    0.0289033     0.0197876            0  
   0.0958517            0             0   -0.0251877             0    0.0251877     0.0172439            0  
   0.0829968            0             0   -0.0218097             0    0.0218097     0.0149313            0  
   0.0714074            0             0   -0.0187643             0    0.0187643     0.0128463            0  
   0.0610444            0             0   -0.0160411             0    0.0160411      0.010982            0  
   0.0518524            0             0   -0.0136257             0    0.0136257    0.00932834            0  
    0.040109            0             0   -0.0105398             0    0.0105398    0.00721569            0  
   0.0253202            0             0  -0.00665357             0   0.00665357    0.00455514            0  
  0.00894954            0             0  -0.00235174             0   0.00235174    0.00161004            0  
 0.000151314            0             0 -3.97619e-05             0  3.97619e-05   2.72216e-05            0  
