 -0.00123974    -0.838166    -0.0452701  5.23187e-05      0.048265  0.000399771  -0.000904147     -0.01426  
 -0.00166043    -0.765644    -0.0964229  -0.00089237     0.0965958   0.00147339  -0.000228782   -0.0394479  
 0.000584898    -0.657602     -0.110036  -0.00175177      0.111317 -0.000607787  -0.000965146   -0.0535782  
-0.000546571     -0.55978     -0.109888  -0.00112408      0.109713 -0.000485144    0.00173664   -0.0564765  
 -0.00150279    -0.480125      -0.10336  0.000250854      0.101665 -0.000934988  -0.000188164   -0.0586675  
  0.00132256    -0.415906    -0.0949036  0.000537104     0.0954591    0.0010417   0.000694816   -0.0543054  
 -0.00196886    -0.367388    -0.0862642    5.616e-06     0.0855348  0.000377994   -0.00177286   -0.0511817  
 4.31933e-05    -0.329339    -0.0787668 -0.000391737     0.0780282  -0.00183641    0.00269588   -0.0466922  
 -0.00113769    -0.295621    -0.0732903 -0.000477463     0.0720033 -0.000672931   0.000643125   -0.0437163  
  -0.0012589    -0.266843    -0.0662522   -0.0013338     0.0644782 -0.000996947   -0.00144352   -0.0413921  
-0.000322037    -0.244587    -0.0622626 -0.000100699     0.0616434   0.00105796   0.000468701   -0.0384503  
-0.000187871    -0.224797    -0.0582597 -0.000250657     0.0563289 -0.000999364   0.000658802   -0.0377249  
 -0.00120183    -0.208502    -0.0531835  -0.00220967     0.0520269   0.00043853   -0.00122569   -0.0337463  
 0.000630166    -0.193525    -0.0505292   0.00106918     0.0500087 -0.000281158    -0.0012115   -0.0346301  
 0.000680457    -0.179639    -0.0466748  2.66631e-05     0.0459866  0.000123568   0.000592888   -0.0307558  
-8.93479e-05    -0.167892    -0.0424402 -0.000915378     0.0438055  0.000277807  -0.000566838   -0.0293441  
-0.000653697    -0.160727    -0.0408668 -0.000406172     0.0416597   0.00152415   -0.00141157   -0.0289076  
 -0.00136411    -0.150277    -0.0388921   -0.0014623     0.0396031  0.000515642    0.00134974   -0.0246375  
  0.00114327    -0.142531    -0.0355626   0.00128343     0.0366409  0.000628626    0.00176615   -0.0235383  
 0.000386387    -0.136176    -0.0354176 -0.000156321     0.0346715   0.00227718  -0.000513487   -0.0256056  
 4.36305e-05    -0.130927    -0.0344524   0.00131755     0.0332341   -0.0013031    0.00129412   -0.0240846  
-0.000795502    -0.123599    -0.0332758  0.000465725     0.0324503 -0.000268814  -0.000770972   -0.0243227  
-0.000742178    -0.118364    -0.0321005  0.000880374     0.0311995  0.000940167  -0.000554069   -0.0204214  
  0.00171939    -0.113633    -0.0292678  0.000332003     0.0304563   0.00111553   -0.00261283   -0.0205711  
 0.000682072    -0.109788    -0.0292081 -0.000517104     0.0285629 -0.000787544   0.000328867   -0.0188531  
 -0.00105669    -0.104353    -0.0271883 -0.000277562     0.0259813 -0.000530588   0.000844159    -0.018057  
-0.000354789    -0.100861    -0.0257022 -0.000178326     0.0266748 -0.000156584    -0.0006026   -0.0182516  
-0.000339988   -0.0984715    -0.0244438 -0.000525568     0.0253211  0.000287405    -0.0013477   -0.0173169  
 0.000967432   -0.0944481    -0.0250934   0.00139586     0.0264167 -0.000750291   1.96838e-05   -0.0160739  
  -0.0010417   -0.0914472    -0.0251476 -0.000100616     0.0238125  0.000930064   0.000473782   -0.0155808  
-9.35918e-05   -0.0877285     -0.022262 -0.000732885     0.0222545  0.000423498   0.000791825   -0.0152727  
-0.000573687   -0.0824295    -0.0213877 -0.000255169     0.0215892  0.000445776   0.000632759   -0.0145993  
 -5.6168e-05   -0.0817725    -0.0207377  -0.00156131     0.0213608   0.00089997  -0.000670779    -0.013031  
  0.00242079   -0.0805967    -0.0212825  -0.00175699      0.020454 -0.000853609    0.00108493   -0.0144183  
 0.000541685    -0.077063     -0.020867  -0.00143034     0.0206152  -0.00119163  -0.000241945   -0.0115847  
  0.00177943   -0.0753949    -0.0195582 -0.000630911     0.0190522  0.000240256   -0.00105975   -0.0131027  
 0.000208035   -0.0751782     -0.018647  0.000183707      0.018679   -0.0017287   0.000256226   -0.0112286  
-1.12715e-05   -0.0708351    -0.0184459  0.000203556     0.0194144   0.00199209   0.000408502   -0.0127642  
-0.000163829   -0.0687994    -0.0176748   0.00202667     0.0185429  -0.00137684  -0.000944648   -0.0130602  
 0.000155093   -0.0662565    -0.0186722    0.0009837     0.0163071   0.00144831   0.000419777  -0.00943884  
 0.000961059   -0.0656424    -0.0187398  0.000766929     0.0172425  -0.00172331   0.000710599   -0.0117779  
   0.0015819   -0.0660703    -0.0159242   0.00134375     0.0176463 -0.000243037   0.000129145   -0.0115135  
 -0.00089082   -0.0635017    -0.0151205  0.000186382     0.0167388   0.00116311   -0.00149941    -0.012282  
-6.97509e-05   -0.0611448    -0.0169718  0.000789872     0.0151299  -0.00170416    0.00181433   -0.0109062  
-0.000815133   -0.0596727     -0.017554 -0.000460123     0.0176139   0.00105485   0.000511611   -0.0104236  
-7.50001e-05   -0.0592944    -0.0173058 -0.000410444      0.014542  0.000702391   -0.00100017   -0.0114159  
  0.00142969    -0.058656    -0.0147257   0.00200488     0.0142686  0.000224558  -0.000478624   -0.0124592  
 0.000583443    -0.055391    -0.0133581   0.00020444     0.0144714  0.000630179   0.000632497   -0.0101723  
 0.000275777   -0.0546061    -0.0150827 -0.000502227     0.0145143 -0.000709382   0.000843392   -0.0105431  
  0.00113109   -0.0536008    -0.0142314   0.00194226     0.0134714 -0.000277065   -0.00149704   -0.0101602  
-0.000899672   -0.0527697     -0.015045  0.000285693     0.0141502 -0.000152027    0.00106941   -0.0100375  
 0.000445567   -0.0511609    -0.0139612  0.000247044     0.0137006  -0.00128251   -0.00166265  -0.00975847  
 0.000584081    -0.050366    -0.0148164 -8.20907e-05     0.0128677 -0.000410793    -0.0012538  -0.00825042  
 0.000778134   -0.0506546     -0.011769  0.000862441     0.0129914  0.000329064    0.00247095  -0.00961964  
 0.000480755   -0.0517559    -0.0124653 -0.000216775     0.0124731 -0.000218376    0.00134887  -0.00811305  
-0.000310127   -0.0480834    -0.0142761  -0.00112214     0.0123602   0.00114877   0.000314348  -0.00949481  
 -0.00104125   -0.0482636    -0.0112766 -0.000253007     0.0132849  0.000775277   -0.00048116  -0.00846894  
 -0.00143151   -0.0489356   -0.00900222   0.00127736     0.0115011  0.000202961  -0.000767364  -0.00844815  
-0.000192869    -0.046309    -0.0131786   0.00111591     0.0131947 -9.37488e-05    0.00164621  -0.00888103  
  0.00260103   -0.0437671    -0.0119998  0.000194089     0.0120209   0.00142191   -0.00135898  -0.00989988  
 0.000185932   -0.0428905    -0.0111853   0.00138648     0.0122969  -0.00155657   -0.00149997  -0.00818108  
  2.7683e-05   -0.0432678     -0.010874  0.000970076     0.0102126  0.000381948    0.00117424  -0.00693136  
-0.000369437   -0.0401312    -0.0104844 -0.000782126     0.0107872  0.000861937   0.000230191  -0.00791402  
-5.13453e-05   -0.0438547    -0.0126139  6.02124e-05     0.0116953  0.000701178    0.00118767  -0.00844578  
-0.000783566   -0.0398533    -0.0110575   0.00132174     0.0117924  -0.00019702  -0.000578462  -0.00691934  
-0.000858668   -0.0409193    -0.0086064    0.0015361    0.00955016  -0.00068065  -1.76931e-05  -0.00833497  
-0.000776534   -0.0408373    -0.0100434 -0.000444646      0.011206 -0.000875603   0.000393208   -0.0069974  
 0.000645376   -0.0399155    -0.0125094 -0.000616887    0.00997197  -0.00159713  -0.000812647  -0.00876601  
-0.000943115   -0.0398593    -0.0121162  0.000488341     0.0109662 -0.000198239   0.000178618   -0.0082951  
 0.000202715   -0.0392911   -0.00888208 -0.000255631     0.0101876  0.000533759   -0.00156268  -0.00666582  
 0.000636856   -0.0368042    -0.0110839  0.000429057     0.0107165  -0.00182017  -0.000639462  -0.00752135  
