  1.3427e-05           -0             0 -5.85917e-06             0  5.85917e-06   2.55679e-06            0  
 0.000298978            0             0   0.00173961            -0  -0.00173961      0.010122            0  
  0.00363753            0             0   -0.0121146             0    0.0121146      0.040347            0  
   0.0178822            0             0   -0.0330469             0    0.0330469     0.0610719            0  
   0.0352563            0             0   -0.0504387             0    0.0504387     0.0721591            0  
    0.051536            0             0    -0.063401             0     0.063401     0.0779976            0  
   0.0718755            0             0   -0.0768178             0    0.0768178        0.0821            0  
   0.0962607            0             0   -0.0900052             0    0.0900052     0.0841562            0  
    0.124386            0             0    -0.102216             0     0.102216     0.0839975            0  
    0.155637            0             0    -0.112707             0     0.112707     0.0816181            0  
    0.189107            0             0    -0.120809             0     0.120809     0.0771773            0  
    0.223637            0             0    -0.125994             0     0.125994      0.070983            0  
    0.257898            0             0    -0.127928             0     0.127928     0.0634578            0  
    0.290482            0             0    -0.126506             0     0.126506     0.0550938            0  
    0.320013            0             0    -0.121856             0     0.121856      0.046401            0  
    0.345252            0             0    -0.114327             0     0.114327     0.0378582            0  
    0.365202            0             0    -0.104446             0     0.104446     0.0298711            0  
    0.379176            0             0   -0.0928657             0    0.0928657     0.0227442            0  
    0.386855            0             0   -0.0802964             0    0.0802964     0.0166665            0  
    0.388301            0             0   -0.0674415             0    0.0674415     0.0117135            0  
    0.383948            0             0   -0.0549379             0    0.0549379    0.00786091            0  
     0.37456            0             0   -0.0433105             0    0.0433105      0.005008            0  
     0.36117            0             0   -0.0329423             0    0.0329423    0.00300466            0  
    0.345002            0             0   -0.0240648             0    0.0240648    0.00167859            0  
    0.327387            0             0   -0.0167651             0    0.0167651   0.000858518            0  
    0.309678            0             0   -0.0110077             0    0.0110077   0.000391273            0  
    0.293163            0             0  -0.00666756             0   0.00666756   0.000151644            0  
    0.279003            0             0  -0.00356892             0   0.00356892   4.56525e-05            0  
    0.268159            0             0  -0.00152447             0   0.00152447   8.66653e-06            0  
    0.261354            0             0 -0.000371442             0  0.000371442   5.27903e-07            0  
    0.259035            0             0            0             0            0             0            0  
    0.261354            0             0 -0.000371442             0  0.000371442   5.27903e-07            0  
    0.268159            0             0  -0.00152447             0   0.00152447   8.66653e-06            0  
    0.279003            0             0  -0.00356892             0   0.00356892   4.56525e-05            0  
    0.293163            0             0  -0.00666756             0   0.00666756   0.000151644            0  
    0.309678            0             0   -0.0110077             0    0.0110077   0.000391273            0  
    0.327387            0             0   -0.0167651             0    0.0167651   0.000858518            0  
    0.345002            0             0   -0.0240648             0    0.0240648    0.00167859            0  
     0.36117            0             0   -0.0329423             0    0.0329423    0.00300466            0  
     0.37456            0             0   -0.0433105             0    0.0433105      0.005008            0  
    0.383948            0             0   -0.0549379             0    0.0549379    0.00786091            0  
    0.388301            0             0   -0.0674415             0    0.0674415     0.0117135            0  
    0.386855            0             0   -0.0802964             0    0.0802964     0.0166665            0  
    0.379176            0             0   -0.0928657             0    0.0928657     0.0227442            0  
    0.365202            0             0    -0.104446             0     0.104446     0.0298711            0  
    0.345252            0             0    -0.114327             0     0.114327     0.0378582            0  
    0.320013            0             0    -0.121856             0     0.121856      0.046401            0  
    0.290482            0             0    -0.126506             0     0.126506     0.0550938            0  
    0.257898            0             0    -0.127928             0     0.127928     0.0634578            0  
    0.223637            0             0    -0.125994             0     0.125994      0.070983            0  
    0.189107            0             0    -0.120809             0     0.120809     0.0771773            0  
    0.155637            0             0    -0.112707             0     0.112707     0.0816181            0  
    0.124386            0             0    -0.102216             0     0.102216     0.0839975            0  
   0.0962607            0             0   -0.0900052             0    0.0900052     0.0841562            0  
   0.0718755            0             0   -0.0768178             0    0.0768178        0.0821            0  
    0.051536            0             0    -0.063401             0     0.063401     0.0779976            0  
   0.0352563            0             0   -0.0504387             0    0.0504387     0.0721591            0  
   0.0178822            0             0   -0.0330469             0    0.0330469     0.0610719            0  
  0.00363753            0             0   -0.0121146             0    0.0121146      0.040347            0  
 0.000298978            0             0   0.00173961            -0  -0.00173961      0.010122            0  
  1.3427e-05           -0             0 -5.85917e-06             0  5.85917e-06   2.55679e-06            0  
