   -0.320206  -0.00066044   6.70205e-05     0.090219   0.000908237   -0.0901622    -0.0609375 -0.000450786  
   -0.519324    -0.039403    -0.0240105     0.159768       0.02605    -0.157456     -0.109685   -0.0248718  
   -0.644347    -0.111824    -0.0676909     0.201394     0.0691511    -0.196436     -0.134184   -0.0643075  
   -0.710746    -0.177117     -0.105012      0.21645      0.104951    -0.210037     -0.137485    -0.094933  
   -0.750145     -0.22871     -0.132956     0.221747       0.13156     -0.21464     -0.135099    -0.116325  
    -0.77448    -0.268875     -0.153771     0.222435       0.15127    -0.215021     -0.130644    -0.131389  
   -0.796822    -0.313877     -0.176083     0.220523      0.172336    -0.212982     -0.123789    -0.146686  
   -0.816166    -0.363795     -0.199554     0.215401      0.194438    -0.207964     -0.114187    -0.161755  
   -0.831644    -0.418576     -0.223707     0.206624       0.21714    -0.199569     -0.101714    -0.176041  
   -0.842271    -0.478011      -0.24792     0.193767       0.23988    -0.187416    -0.0863266    -0.188907  
   -0.847027    -0.541699     -0.271422     0.176509      0.261961    -0.171216    -0.0681385    -0.199654  
   -0.844872    -0.609022     -0.293298     0.154665       0.28256      -0.1508    -0.0474407    -0.207556  
   -0.834797    -0.679119     -0.312508     0.128241      0.300741    -0.126166     -0.024729    -0.211906  
   -0.815871    -0.750862     -0.327923    0.0974894      0.315489   -0.0975251  -0.000716287    -0.212077  
   -0.787308    -0.822853     -0.338378    0.0629521      0.325749   -0.0653437     0.0236714     -0.20759  
   -0.748543    -0.893418     -0.342749    0.0255052      0.330494   -0.0303796     0.0473234    -0.198199  
   -0.699317    -0.960635      -0.34005   -0.0136202      0.328803   0.00629486     0.0690019    -0.183959  
   -0.639769     -1.02238      -0.32955   -0.0528436      0.319964    0.0432918     0.0874337    -0.165296  
   -0.570524      -1.0764     -0.310902   -0.0902796      0.303582    0.0789377      0.101435    -0.143039  
   -0.492774     -1.12044     -0.284277    -0.123833      0.279699     0.111344       0.11006    -0.118417  
   -0.408328     -1.15239     -0.250466    -0.151353      0.248894     0.138526      0.112765   -0.0929785  
    -0.31961     -1.17047     -0.210953    -0.170843      0.212363     0.158573      0.109545    -0.068449  
   -0.229567     -1.17345     -0.167891    -0.180714       0.17193     0.169863      0.101015    -0.046508  
   -0.141485     -1.16076     -0.123979    -0.180053      0.129984     0.171303     0.0883888   -0.0285178  
  -0.0587051     -1.13253    -0.0822278    -0.168841     0.0893112     0.162548     0.0733159   -0.0152606  
   0.0155935      -1.0892    -0.0456207    -0.148082     0.0528496     0.144174     0.0575801  -0.00676474  
   0.0781046     -1.03078    -0.0167506    -0.119817     0.0233876     0.117797     0.0427207  -0.00230244  
    0.123428    -0.955945    0.00258982   -0.0870769    0.00316993    0.0861847     0.0296736  -0.00059748  
    0.139035    -0.864181     0.0120649   -0.0537563   -0.00688708    0.0533485     0.0185496 -0.000232722  
    0.101118    -0.769598     0.0138587   -0.0236388   -0.00865129    0.0236481    0.00873095 -0.000189803  
  0.00379304    -0.720976     0.0124919   0.00241929    -0.0069081  -0.00141996  -0.000587263  -0.00014364  
  -0.0993133    -0.759934     0.0107259    0.0277217   -0.00514594   -0.0249369   -0.00999299  -0.00011634  
   -0.147961    -0.854725     0.0065593    0.0558032    -0.0020969   -0.0509328    -0.0200559 -0.000198975  
   -0.138085     -0.95449   -0.00404721    0.0864996     0.0062911     -0.08025    -0.0314685 -0.000828861  
  -0.0911603     -1.03789    -0.0235211     0.116676     0.0232038    -0.110257    -0.0446786  -0.00300457  
  -0.0227328     -1.10118    -0.0518315     0.142589     0.0493201    -0.137031    -0.0594885  -0.00802092  
   0.0582565     -1.14495     -0.087265     0.161238     0.0832555    -0.157132    -0.0749712   -0.0170418  
    0.146196     -1.17039     -0.127245     0.170722      0.122464    -0.168252    -0.0896331   -0.0307275  
    0.236979      -1.1787     -0.168895     0.170244      0.163941    -0.169308      -0.10174   -0.0490129  
    0.327327     -1.17124     -0.209434     0.159975      0.204724    -0.160322     -0.109691   -0.0710973  
     0.41454     -1.14949     -0.246441     0.140867      0.242219    -0.142197     -0.112321   -0.0956141  
    0.496421     -1.11517     -0.278021     0.114425      0.274395    -0.116452     -0.109058    -0.120892  
    0.571239      -1.0701     -0.302883    0.0824756      0.299871   -0.0849644     -0.099944    -0.145227  
    0.637711     -1.01623     -0.320333    0.0469655      0.317899   -0.0497374    -0.0855522    -0.167097  
    0.694979    -0.955503     -0.330218   0.00978648      0.328307   -0.0127151    -0.0668443    -0.185309  
    0.742582    -0.889859     -0.332837   -0.0273489      0.331389    0.0243491    -0.0450102     -0.19907  
    0.780414    -0.821122     -0.328834    -0.062989      0.327795    0.0599754    -0.0213185    -0.207985  
    0.808677    -0.750978     -0.319087   -0.0959857      0.318413     0.092998    0.00300582    -0.212027  
    0.827829    -0.680927     -0.304612    -0.125504      0.304267     0.122573     0.0268701    -0.211463  
    0.838527    -0.612263     -0.286473    -0.151009      0.286427     0.148159     0.0493691    -0.206784  
    0.841572    -0.546056     -0.265715    -0.172232       0.26594     0.169488     0.0698114    -0.198625  
    0.837857    -0.483157     -0.243311    -0.189134      0.243781     0.186518     0.0877211    -0.187693  
    0.828324      -0.4242     -0.220126    -0.201857      0.220815     0.199389      0.102825     -0.17471  
    0.813915    -0.369621     -0.196902    -0.210681       0.19778     0.208377      0.115022    -0.160369  
    0.795563    -0.319677     -0.174242    -0.215985      0.175281     0.213859      0.124369    -0.145297  
    0.774179    -0.274469     -0.152616    -0.218215      0.153785     0.216276      0.131023     -0.13004  
    0.750513    -0.233966     -0.132367    -0.217829      0.133636     0.216082      0.135249    -0.115046  
    0.711969    -0.181713     -0.105051    -0.213098      0.106412     0.211635      0.137401   -0.0938002  
    0.646422     -0.11519    -0.0683414    -0.198989     0.0697475     0.197962      0.133847   -0.0634596  
    0.521371   -0.0408053    -0.0247368    -0.158695     0.0258892     0.158283       0.10929   -0.0245035  
    0.321081 -0.000687309  -0.000156287   -0.0901491   0.000696921    0.0901423      0.060764 -0.000441844  
