 0.000210945 -1.89317e-08  -9.01986e-06 -0.000134244  -9.00323e-06  0.000134244     0.0001431 -2.23898e-10  
   0.0125437 -7.30392e-07  -0.000368155   -0.0079678  -0.000367699   0.00796781    0.00791617  1.14002e-07  
   0.0355961  -1.5895e-06  -0.000789464   -0.0217793  -0.000788778    0.0217794     0.0204687   4.1122e-07  
   0.0563791 -2.11113e-06   -0.00102099   -0.0334168   -0.00102037    0.0334169     0.0302171  6.86555e-07  
   0.0728013 -2.40611e-06   -0.00113146   -0.0420989     -0.001131     0.042099     0.0370263  8.93486e-07  
   0.0855861 -2.57741e-06   -0.00118014   -0.0485487   -0.00117985    0.0485488     0.0418215  1.04402e-06  
   0.0999106 -2.71669e-06   -0.00120013   -0.0554524   -0.00120007    0.0554525     0.0466907  1.19906e-06  
      0.1158 -2.81352e-06   -0.00118351   -0.0627055   -0.00118374    0.0627056     0.0514873  1.35159e-06  
    0.133237 -2.85792e-06   -0.00112256   -0.0701629   -0.00112312     0.070163     0.0560349  1.49238e-06  
    0.152155  -2.8413e-06   -0.00101038   -0.0776357   -0.00101131    0.0776359     0.0601306  1.61005e-06  
    0.172427 -2.75758e-06  -0.000841779   -0.0848905  -0.000843096    0.0848907     0.0635518  1.69137e-06  
    0.193856  -2.6043e-06  -0.000614294   -0.0916507  -0.000615992    0.0916509     0.0660674    1.722e-06  
    0.216168 -2.38382e-06  -0.000329303   -0.0976019  -0.000331337    0.0976022     0.0674523  1.68766e-06  
    0.239005  -2.1041e-06   6.85244e-06    -0.102403   4.57293e-06     0.102403     0.0675068  1.57587e-06  
     0.26192 -1.77907e-06   0.000381902      -0.1057   0.000379516       0.1057      0.066079  1.37834e-06  
    0.284381 -1.42792e-06   0.000777043    -0.107151    0.00077474     0.107152     0.0630899  1.09357e-06  
    0.305777 -1.07328e-06      0.001167    -0.106453    0.00116502     0.106453     0.0585573  7.29655e-07  
    0.325431 -7.37498e-07     0.0015211    -0.103376    0.00151971     0.103376     0.0526167  3.06502e-07  
    0.342627 -4.37202e-07    0.00180561   -0.0978009    0.00180508    0.0978011     0.0455323 -1.43231e-07  
    0.356646 -1.76053e-07    0.00198769   -0.0897623    0.00198829    0.0897625     0.0376946 -5.75392e-07  
    0.366816  6.30941e-08    0.00204086   -0.0794786    0.00204278    0.0794787     0.0295969 -9.38689e-07  
    0.372571  3.24327e-07    0.00195142   -0.0673757    0.00195478    0.0673757     0.0217885 -1.18268e-06  
    0.373518  6.78693e-07    0.00172482   -0.0540867    0.00172958    0.0540866      0.014804 -1.26903e-06  
     0.36948  1.21117e-06    0.00138986   -0.0404216    0.00139582    0.0404213    0.00907707 -1.18415e-06  
    0.360493  1.98478e-06   0.000998458   -0.0273025    0.00100526    0.0273022    0.00485679 -9.49866e-07  
    0.346702  2.96987e-06   0.000618576   -0.0156722   0.000625627    0.0156719    0.00215227 -6.27927e-07  
    0.328106  3.93077e-06   0.000318328  -0.00638723   0.000324771   0.00638688    0.00073183 -3.13776e-07  
    0.304288  4.30238e-06   0.000139681 -9.02423e-05   0.000144346  8.99537e-05   0.000189221 -1.12213e-07  
     0.27508  3.27422e-06   6.40504e-05   0.00301908   6.56634e-05  -0.00301923    7.3236e-05 -8.49225e-08  
    0.244975  6.44403e-07  -5.03173e-07   0.00358512  -2.51031e-06   -0.0035851   5.95929e-05 -2.01163e-07  
    0.229496 -1.93906e-06  -0.000156611   0.00308896  -0.000161453  -0.00308879   4.47148e-05 -3.41885e-07  
    0.241895 -2.38353e-06  -0.000440052   0.00252559  -0.000446198  -0.00252534    3.5723e-05 -3.17234e-07  
    0.272066 -7.09895e-07  -0.000772368   0.00137513  -0.000777538  -0.00137491   6.17556e-05 -1.69217e-07  
    0.303821  1.56148e-06  -0.000993317   -0.0016494   -0.00099549    0.0016495   0.000262013  3.91617e-08  
    0.330371   3.0907e-06   -0.00102213  -0.00744096   -0.00102072   0.00744093   0.000954347  3.22214e-07  
    0.350517  3.40958e-06  -0.000886635   -0.0161029  -0.000882164    0.0161028    0.00255094  6.74609e-07  
    0.364453  2.68548e-06  -0.000656455   -0.0271425  -0.000649829    0.0271423    0.00542229  1.08812e-06  
     0.37255  1.33297e-06  -0.000396834   -0.0397447  -0.000388936    0.0397445    0.00977856  1.55407e-06  
    0.375198  -2.3078e-07  -0.000152887   -0.0529741   -0.00014443    0.0529737     0.0155991  2.04996e-06  
     0.37282 -1.69186e-06   5.12472e-05   -0.0659161   5.97393e-05    0.0659156      0.022629  2.53652e-06  
    0.365898 -2.86184e-06   0.000207714   -0.0777725   0.000215878     0.077772     0.0304333  2.96642e-06  
    0.354971 -3.66012e-06   0.000319017   -0.0879193   0.000326616    0.0879187     0.0384801  3.29646e-06  
    0.340625 -4.08335e-06   0.000392825   -0.0959303   0.000399715    0.0959296     0.0462266  3.49668e-06  
    0.323475 -4.17548e-06   0.000438232    -0.101576   0.000444339     0.101576     0.0531885  3.55434e-06  
    0.304146 -4.00393e-06   0.000463532    -0.104806   0.000468831     0.104805     0.0589865  3.47345e-06  
     0.28325 -3.64276e-06    0.00047521    -0.105713   0.000479715     0.105712     0.0633671  3.27121e-06  
     0.26137  -3.1621e-06   0.000477756    -0.104504   0.000481503     0.104503     0.0662054  2.97342e-06  
    0.239042 -2.62231e-06   0.000473936    -0.101459   0.000476981     0.101459     0.0674921  2.60983e-06  
    0.216744  -2.0715e-06   0.000465259   -0.0969043   0.000467669    0.0969036     0.0673129  2.21026e-06  
    0.194887 -1.54526e-06   0.000452455    -0.091178   0.000454303    0.0911774     0.0658238   1.8017e-06  
    0.173813 -1.06763e-06   0.000435873   -0.0846137   0.000437235    0.0846132     0.0632267  1.40649e-06  
    0.153791 -6.52855e-07   0.000415761   -0.0775213   0.000416712    0.0775208     0.0597469  1.04144e-06  
    0.135025 -3.07265e-07   0.000392435   -0.0701764   0.000393047    0.0701759     0.0556143  7.17791e-07  
    0.117652 -3.12256e-08   0.000366352   -0.0628142   0.000366691    0.0628139     0.0510492  4.41689e-07  
    0.101755  1.79121e-07   0.000338111    -0.055627   0.000338236    0.0556266     0.0462515  2.15013e-07  
   0.0873646  3.30358e-07   0.000308419   -0.0487639   0.000308382    0.0487637     0.0413947  3.63572e-08  
   0.0744722  4.30577e-07   0.000278031   -0.0423344   0.000277878    0.0423342     0.0366219 -9.80051e-08  
     0.05784  5.04162e-07   0.000232766   -0.0336543   0.000232507    0.0336541     0.0298589 -2.28033e-07  
   0.0366654  4.89925e-07   0.000163367   -0.0219767   0.000163056    0.0219766     0.0202008 -3.03659e-07  
   0.0129884  2.79134e-07   6.55601e-05   -0.0080568   6.53522e-05   0.00805676    0.00780032 -2.11927e-07  
 0.000218571  7.98761e-09   1.03253e-06 -0.000135441   1.02515e-06  0.000135441   0.000140955 -7.03164e-09  
